0
78
0 PAR 10 10
1 AJA 14 17
2 ALG 11 22
3 AMS 11 7
4 ATH 25 21
5 BIA 15 16
6 TXL 18 7
7 BEY 35 24
8 BIQ 6 15
9 BIO 7 15 
10 BHX 7 7
11 BOD 7 14
12 BES 5 11
13 BRU 11 8
14 BUD 22 11 
15 OTP 27 14
16 CFR 8 10
17 CAG 14 19
18 CLY 14 16
19 CMN 1 25
20 CTA 19 21
21 CFE 10 13
22 CPH 17 4
23 DUB 4 6
24 DUS 13 7
25 EDI 7 3
26 EVN 42 18
27 FSC 15 17
28 FRA 14 9
29 GVA 12 14 
30 HAM 15 6
31 IBZ 9 20
32 IST 30 18
33 KBP 30 9
34 LRH 7 13
35 CAI 31 27
36 LIL 10 9
37 LIS 1 20
38 LJU 19 12
39 LON 8 8
40 LRT 5 11
41 LYS 10 13
42 MAD 4 18
43 MAN 6 6
44 RAK 1 27
45 MRS 11 15
46 ETZ 13 10
47 MXP 15 13 
48 MPL 10 15
49 SVO 34 4
50 MUN 16 11
51 NTE 6 12
52 NAP 19 18
53 NCL 5 5
54 NCE 13 15
55 NUE 11 10
56 ORA 7 23
57 OSL 16 0
58 PUF 8 16
59 PGF 11 15
60 OPO 1 17
61 PRG 18 9
62 UIP 5 11
63 RBT 1 24
64 RNE 7 9
65 FCO 18 16
66 LED 29 0
67 SOF 25 16
68 ARN 21 1
69 SXB 14 11
70 STR 15 11
71 TLV 35 26
72 TLS 9 15
73 TUN 15 22
74 WMI 23 7
75 VCE 18 13
76 VIE 20 11
77 ZGA 20 13
161
0 0 12
1 0 62
2 0 64
3 0 40
4 0 51
5 0 34
6 0 11
7 0 8
8 0 58
9 0 72
10 0 59
11 0 48
12 0 45
13 0 54
14 0 21
15 0 41
16 0 5
17 0 18
18 0 1
19 0 27
20 0 23
21 0 43
22 0 10
23 0 39
24 0 25
25 0 53
26 0 57
27 0 68
28 0 22
29 0 66
20 0 49
31 0 33
32 0 74 
33 0 74
34 0 61
35 0 30
36 0 6
37 0 24
38 0 28
39 0 55
40 0 70 
41 0 76
42 0 14
43 0 15
44 0 50 
45 0 67
46 0 32
47 0 77
48 0 38
49 0 75
50 0 4
51 0 20
52 0 73 
53 0 17
54 0 52
55 0 65
56 0 2
57 0 31
58 0 42
59 0 9
60 0 60 
61 0 37
62 0 63
63 0 19
64 0 44
65 0 56
66 0 26 
67 0 7
68 0 71
69 0 35
70 64 3
71 64 1
72 64 5
73 64 27
74 64 41
75 64 51
76 64 54
77 64 69
78 64 72 
79 51 3 
80 51 1
81 51 5
82 51 18
83 51 24
84 51 27
85 51 30 
86 51 36
87 51 41
88 51 47
89 51 48
90 51 54
91 51 64
92 51 69
93 72 31
94 72 4
95 72 16
96 72 18
97 72 27
98 72 36
99 72 41
100 72 69
101 48 31
102 48 2
103 45 3
104 45 4
105 45 7
106 45 29
107 45 8
108 45 11
109 45 72
110 45 51
111 45 12
112 45 64
113 45 36
114 45 46
115 45 69
116 54 4 
117 54 7
118 54 71
119 54 16
120 54 36
121 54 41
122 54 21
123 54 46
124 54 69 
125 21 3
126 21 5
127 21 27
128 62 27 
129 62 54
130 12 41
131 11 1
132 11 5
133 11 18
134 11 24
135 11 27
136 11 36
137 11 41
138 11 54
139 11 65
140 8 29  
141 8 41
142 8 54
143 58 1
144 58 5
145 58 41
146 58 5
147 58 36
148 41 1 
149 41 5
150 41 13
151 41 16
152 41 18
153 41 27
154 41 36
155 41 46
156 41 47
157 41 61
158 41 65
159 41 69
160 41 75
