0
64
0 ALG 11 22
1 AMS 11 7 
2 ATH 25 21 
3 TXL 18 7 
4 BEY 35 24
5 BIO 7 15 
6 BHX 7 7
7 BRU 11 8
8 BUD 22 11  
9 OTP 27 14
10 CAG 14 19
11 CMN 1 25
12 CTA 19 21
13 CPH 17 4
14 DUB 4 6
15 DUS 13 7
16 EDI 7 3
17 EVN 42 18
18 FRA 14 9 
19 GVA 12 14  
20 HAM 15 6
21 IBZ 9 20 
22 IST 30 18 
23 KBP 30 9
24 CAI 31 27
25 LIS 1 20
26 LJU 19 12
27 LON 8 8
28 MAD 4 18
29 MAN 6 6
30 RAK 1 27
31 MXP 15 13 
32 SVO 34 4 
33 MUN 16 11
34 NAP 19 18
35 NCL 5 5 
36 NUE 11 10
37 ORA 7 23
38 OSL 16 0
39 OPO 1 17 
40 PRG 18 9
41 RBT 1 24
42 FCO 18 16
43 LED 29 0
44 SOF 25 16
45 ARN 21 1
46 STR 15 11
47 TLV 35 26
48 TUN 15 22
49 WMI 23 7
50 VCE 18 13
51 VIE 20 11
52 ZGA 20 13 
53 PAR 10 10 
54 RNE 7 9
55 NTE 6 12
56 TLS 9 15
57 MPL 10 15
58 MRS 11 15
59 NCE  13 15 
60 CFE 10 13
61 BOD 7 14
62 BIQ 6 15 
63 LYS 10 13 
74
0 53 14
1 53 29
2 53 6
3 53 27
4 53 16
5 53 35
6 53 38
7 53 45
8 53 13
9 53 43
10 53 32
11 53 23
12 53 49 
13 53 40
14 53 20
15 53 3
16 53 15 
17 53 18 
18 53 36
19 53 46
20 53 51
21 53 33
22 53 8
23 53 9 
24 53 44
25 53 22
26 53 52
27 53 26
28 53 2
29 53 50 
30 53 12
31 53 48
32 53 10
33 53 34
34 53 42
35 53 0
36 53 21
37 53 28
38 53 5
39 53 39
40 53 25
41 53 41
42 53 11
43 53 30 
44 53 37
45 53 17
46 53 4
47 53 47
48 53 24 
49 54 1
50 55 1 
51 55 15
52 55 20 
53 55 31 
54 56 21
55 56 2
56 57 21 
57 57 0
58 58 1
59 58 2
60 58 4
61 58 19
62 59 2 
63 59 4
64 59 47
65 60 1
66 61 15
67 61 42
68 62 19
69 63 7
70 63 31
71 63 40 
72 63 42 
73 63 50 
