0
25
0 PAR 10 10
1 AJA 14 17
2 BIA 15 16
3 BIQ 6 15
4 BOD 7 14
5 BES 5 11
6 CFR 8 10
7 CLY 14 16
8 CFE 10 13
9 FSC 15 17 
10 LRH 7 13
11 LIL 10 9 
12 LRT 5 11
13 LYS 10 13
14 MRS 11 15
15 ETZ 13 10	
16 MPL 10 15 
17 NTE 6 12
18 NCE 13 15
19 PUF 8 16
20 PGF 11 15 
21 UIP 5 11
22 RNE 7 9 
23 SXB 14 11
24 TLS 9 15 
87
0 0 5
1 0 21
2 0 22
3 0 12
4 0 17
5 0 4
6 0 3
7 0 19
8 0 24
9 0 20 
10 0 16
11 0 14
12 0 18
13 0 8
14 0 13
15 0 2
16 0 7
17 0 1
18 0 9 
19 14 3 
20 14 4
21 14 24
22 14 17
23 14 5
24 14 22
25 14 11
26 14 15 
27 14 23
28 5 13
29 21 9
30 21 18
31 22 1
32 22 2
33 22 9
34 22 13
35 22 17
36 22 18 
37 22 23
38 22 24
39 17 1
40 17 2 
41 17 7
42 17 9
43 17 11
44 17 13
45 17 16
46 17 18
47 17 22
48 17 23
49 17 24 
50 4 1
51 4 2
52 4 7
53 4 9 
54 4 11
56 4 13
57 4 18
58 3 13
59 3 18
60 19 1
61 19 2
62 19 13
63 24 6
64 24 7 
65 24 9
66 24 11
67 24 13
68 24 23
69 20 2 
70 20 11
71 18 6
72 18 11
73 18 13 
74 18 8
75 18 15
76 18 23
77 8 2
78 8 9
79 13 1
80 13 2
81 13 6
82 13 7
83 13 9
84 13 11
85 13 15
86 13 23